 frame_0.res    26.01164 3.86616  25.36761
frame_1000.res    14.30928 1.92920  14.15210
frame_100.res    20.44895 2.01040  5.76315
frame_101.res    20.12594 2.24611  19.73416
frame_102.res    20.38445 2.31163  17.12647
frame_103.res    21.12290 2.06328  21.12290
frame_104.res    21.14318 2.10426  20.67377
frame_105.res    22.06824 2.07911  20.88225
frame_106.res    20.49069 1.95161  18.51434
frame_107.res    21.91737 2.12863  21.91737
frame_108.res    21.58994 2.11854  21.42124
frame_109.res    21.72496 2.13950  21.65662
frame_10.res    23.10599 2.75227  23.09660
frame_110.res    21.98065 1.86883  18.69189
frame_111.res    21.58579 2.13914  20.29638
frame_112.res    21.47592 2.11340  16.25915
frame_113.res    21.18333 2.11946  21.18333
frame_114.res    21.51569 2.44180  15.97779
frame_115.res    20.79739 2.08434  18.99332
frame_116.res    21.11852 2.33088  14.17031
frame_117.res    21.45685 2.03832  20.24593
frame_118.res    21.36874 2.02730  17.72956
frame_119.res    21.37435 1.93058  20.17986
frame_11.res    22.15535 2.62558  22.15535
frame_120.res    21.00297 2.13717  20.80245
frame_121.res    21.41800 2.19822  21.08831
frame_122.res    21.50552 2.05399  21.50552
frame_123.res    21.31201 1.91846  21.05145
frame_124.res    20.42342 2.09923  19.94153
frame_125.res    20.47373 2.35040  20.02999
frame_126.res    20.51286 2.04767  17.46253
frame_127.res    20.68845 2.00206  15.99339
frame_128.res    19.16004 2.20418  15.22904
frame_129.res    20.69906 2.28301  18.31507
frame_12.res    22.11107 2.60763  21.99271
frame_130.res    20.20883 2.10310  16.43607
frame_131.res    20.24967 2.07276  19.12755
frame_132.res    20.94747 1.97248  20.72722
frame_133.res    20.36640 1.96753  20.16996
frame_134.res    19.79949 2.09308  18.10881
frame_135.res    19.70930 1.98101  19.57500
frame_136.res    19.96106 2.02922  19.94675
frame_137.res    20.28146 2.15982  20.28146
frame_138.res    20.28128 2.18860  20.15545
frame_139.res    20.34964 2.16501  19.09235
frame_13.res    22.59344 2.29626  18.18466
frame_140.res    19.57236 2.06231  19.57236
frame_141.res    19.38536 2.10212  19.38536
frame_142.res    20.16587 2.29102  19.92575
frame_143.res    19.92167 1.99875  19.83714
frame_144.res    19.74170 2.13936  19.74170
frame_145.res    19.55753 2.10250  19.55565
frame_146.res    19.23748 2.00464  19.23748
frame_147.res    19.71476 2.14667  19.60899
frame_148.res    19.31146 2.11236  19.31146
frame_149.res    20.25701 2.17313  20.05199
frame_14.res    23.10014 2.24838  23.00561
frame_150.res    20.53279 2.03837  19.97974
frame_151.res    19.75408 1.99897  19.61420
frame_152.res    20.47300 2.34132  19.69677
frame_153.res    20.81143 2.08016  20.21680
frame_154.res    19.99276 2.04320  18.36896
frame_155.res    19.37373 1.89827  19.37373
frame_156.res    19.93465 1.95431  19.93465
frame_157.res    19.47942 2.19161  17.59510
frame_158.res    19.99859 1.98359  19.99859
frame_159.res    20.68430 2.02213  14.67223
frame_15.res    23.00405 2.49799  23.00405
frame_160.res    20.34236 1.97503  19.82876
frame_161.res    20.61844 2.10916  20.24105
frame_162.res    20.79132 2.11764  20.73498
frame_163.res    20.63107 2.04934  20.60040
frame_164.res    20.02463 2.11690  20.02463
frame_165.res    20.49602 1.93714  19.50811
frame_166.res    20.03390 2.11334  18.46876
frame_167.res    19.27416 2.07775  17.68019
frame_168.res    20.52189 1.99295  16.73348
frame_169.res    20.61935 2.03794  20.40602
frame_16.res    21.96570 2.68011  19.83077
frame_170.res    20.00367 2.20206  19.62131
frame_171.res    19.53590 1.94099  17.51848
frame_172.res    19.86989 2.20618  19.86989
frame_173.res    20.03628 2.01986  19.30715
frame_174.res    19.40043 1.96224  19.40043
frame_175.res    19.39749 2.05221  19.39749
frame_176.res    19.42958 2.09261  19.42958
frame_177.res    19.86565 1.91210  16.29059
frame_178.res    19.98694 1.94472  19.98694
frame_179.res    19.58879 1.96458  19.58879
frame_17.res    23.44518 3.02919  23.21783
frame_180.res    19.68201 2.39849  19.20697
frame_181.res    19.73288 2.13497  19.73288
frame_182.res    20.16031 2.01066  19.68968
frame_183.res    19.47915 2.04312  19.32856
frame_184.res    18.43459 2.04269  8.49823
frame_185.res    19.18012 1.99103  17.06231
frame_186.res    19.40277 2.33604  19.25838
frame_187.res    19.59621 2.10485  19.59621
frame_188.res    19.58651 1.90783  19.58651
frame_189.res    20.78231 2.03193  20.78231
frame_18.res    23.50712 2.16171  23.39934
frame_190.res    20.06084 2.08201  19.42355
frame_191.res    19.85031 2.17194  19.75835
frame_192.res    20.25979 2.16130  18.89020
frame_193.res    20.21819 2.03596  20.21819
frame_194.res    20.82231 2.00859  20.57320
frame_195.res    20.20857 2.09746  19.13562
frame_196.res    20.46220 2.17330  19.37157
frame_197.res    20.22858 1.96678  19.56630
frame_198.res    19.73064 1.91975  19.61483
frame_199.res    19.97833 2.15829  19.64836
frame_19.res    21.88525 1.98326  21.84298
 frame_1.res    24.27192 2.13771  20.64723
frame_200.res    20.54814 1.96902  17.70097
frame_201.res    20.28229 1.95058  19.90362
frame_202.res    19.79071 2.08364  19.68207
frame_203.res    20.63766 2.07923  19.90762
frame_204.res    21.17379 2.03347  20.15148
frame_205.res    20.69017 1.88829  20.67983
frame_206.res    20.96849 1.94343  20.81647
frame_207.res    20.38802 1.97415  18.00338
frame_208.res    20.84288 2.28895  20.47521
frame_209.res    21.18906 2.15251  20.92448
frame_20.res    21.96650 2.06266  21.96650
frame_210.res    21.00580 1.98477  21.00040
frame_211.res    20.43917 2.01379  19.60912
frame_212.res    20.35013 2.61071  19.78158
frame_213.res    19.26876 2.02732  13.49675
frame_214.res    20.40340 2.07770  19.13890
frame_215.res    20.49835 2.09737  20.15520
frame_216.res    20.39968 2.07202  20.39968
frame_217.res    19.92881 2.07036  19.92881
frame_218.res    20.08898 2.02974  18.19089
frame_219.res    19.69609 2.27893  17.47839
frame_21.res    23.05748 2.10472  22.93653
frame_220.res    20.51520 2.16425  20.51520
frame_221.res    19.54821 2.00348  19.43625
frame_222.res    19.40161 2.08046  19.37709
frame_223.res    20.21174 2.04011  18.86389
frame_224.res    19.59639 2.15951  18.81086
frame_225.res    19.24700 1.94974  19.24700
frame_226.res    19.52758 2.22213  17.78922
frame_227.res    19.52117 2.02727  18.74002
frame_228.res    19.09470 2.15268  18.61207
frame_229.res    18.66530 2.49892  15.92609
frame_22.res    21.31738 2.22360  21.28904
frame_230.res    19.72166 2.26137  18.96768
frame_231.res    20.02834 2.05316  15.81679
frame_232.res    19.96572 2.18808  19.90764
frame_233.res    20.27137 1.97937  19.44294
frame_234.res    20.34567 2.27487  19.81315
frame_235.res    20.43406 2.11355  20.15368
frame_236.res    20.44005 2.01488  5.79997
frame_237.res    20.07741 2.16024  20.07741
frame_238.res    19.47652 1.95882  19.04535
frame_239.res    19.20759 1.93565  14.78183
frame_23.res    20.46999 2.06234  20.24550
frame_240.res    20.15189 1.94298  5.44185
frame_241.res    20.16852 2.12196  20.14793
frame_242.res    19.58650 2.14103  15.93042
frame_243.res    19.42359 2.21885  18.89425
frame_244.res    19.72778 2.07445  17.13659
frame_245.res    19.55391 2.09514  18.69397
frame_246.res    20.39778 2.14724  20.39778
frame_247.res    19.41349 2.15728  19.41349
frame_248.res    19.73948 2.20858  19.00317
frame_249.res    18.89550 2.18295  18.07483
frame_24.res    21.24622 2.13147  17.86892
frame_250.res    19.45369 2.12110  18.19823
frame_251.res    19.18598 2.13853  18.44430
frame_252.res    18.02068 2.38429  17.61023
frame_253.res    19.34879 2.02947  19.33748
frame_254.res    19.46244 2.08703  18.98517
frame_255.res    19.49157 2.40901  19.04740
frame_256.res    18.43539 2.59088  18.19736
frame_257.res    18.30238 2.11134  6.37216
frame_258.res    17.99521 2.34185  17.99521
frame_259.res    19.15824 2.47259  19.14984
frame_25.res    21.59543 2.32850  18.10699
frame_260.res    19.71017 2.07880  19.71017
frame_261.res    19.18727 2.01212  14.97912
frame_262.res    19.23330 2.03066  15.71481
frame_263.res    20.04101 2.06646  18.26719
frame_264.res    18.47799 1.91284  18.43930
frame_265.res    19.31086 2.34630  18.11077
frame_266.res    19.30912 2.11612  14.44419
frame_267.res    20.05559 2.29958  17.43020
frame_268.res    19.49508 2.43899  19.42196
frame_269.res    18.52296 2.20618  17.63982
frame_26.res    20.88966 2.14137  20.75906
frame_270.res    18.53665 2.43402  17.31872
frame_271.res    18.57749 2.47311  18.56727
frame_272.res    18.25913 2.27505  17.88804
frame_273.res    18.52285 2.36753  18.42929
frame_274.res    18.94704 2.78218  18.79261
frame_275.res    19.46743 2.36583  16.74850
frame_276.res    19.15665 2.35211  18.68699
frame_277.res    19.40265 2.23221  19.09272
frame_278.res    18.62481 2.05431  18.62481
frame_279.res    19.36168 1.95493  19.36168
frame_27.res    22.04995 2.18193  13.88254
frame_280.res    19.03112 2.03321  19.03112
frame_281.res    19.38423 1.88370  18.89674
frame_282.res    19.54781 2.10441  19.54781
frame_283.res    19.24701 1.95542  19.24701
frame_284.res    18.95890 2.07501  18.36761
frame_285.res    18.97854 2.10943  18.97854
frame_286.res    18.57507 2.19340  17.40511
frame_287.res    17.91032 2.03368  17.91032
frame_288.res    17.68820 2.23299  16.64778
frame_289.res    18.94623 2.36647  18.03001
frame_28.res    21.81774 2.58946  20.29192
frame_290.res    19.03361 2.17348  18.96018
frame_291.res    18.46913 2.08035  17.31888
frame_292.res    18.74208 2.09674  17.10317
frame_293.res    17.39229 1.98121  16.28500
frame_294.res    18.75007 1.96355  14.58668
frame_295.res    18.98232 1.95413  16.43044
frame_296.res    19.45755 2.30871  19.37195
frame_297.res    19.01534 1.91208  15.60896
frame_298.res    19.55770 2.24417  19.55770
frame_299.res    19.73891 2.10482  19.70323
frame_29.res    21.41969 2.19013  21.41969
 frame_2.res    23.82921 2.75311  16.34046
frame_300.res    19.04322 1.85751  12.25143
frame_301.res    19.12915 2.01447  18.08056
frame_302.res    18.83972 1.96756  16.35590
frame_303.res    18.69628 1.93660  16.07350
frame_304.res    18.60526 1.97264  17.20105
frame_305.res    18.62568 2.18318  18.62568
frame_306.res    19.33994 2.37767  18.13397
frame_307.res    17.95932 2.19094  17.10452
frame_308.res    18.98270 2.04013  18.94015
frame_309.res    18.79211 1.96687  18.50365
frame_30.res    22.50456 2.17310  22.50456
frame_310.res    17.58961 2.05093  10.45955
frame_311.res    18.39582 1.93206  18.36810
frame_312.res    18.31948 2.14212  17.97443
frame_313.res    18.33884 2.22492  17.25356
frame_314.res    18.62875 2.09909  16.47187
frame_315.res    18.79169 2.03017  15.42835
frame_316.res    19.00317 2.00449  18.67115
frame_317.res    18.21937 2.06774  18.20164
frame_318.res    18.86581 2.04210  18.83130
frame_319.res    18.51790 1.97271  17.75429
frame_31.res    22.93082 2.25373  22.93082
frame_320.res    18.23314 2.03994  17.47794
frame_321.res    17.97838 2.02018  15.58158
frame_322.res    18.17058 1.89943  18.04089
frame_323.res    18.03246 1.91515  17.30334
frame_324.res    17.72695 1.93638  17.19595
frame_325.res    18.47436 1.99403  18.47436
frame_326.res    18.06737 2.11141  15.05910
frame_327.res    17.77109 1.99160  17.76250
frame_328.res    17.58117 2.00780  11.01798
frame_329.res    19.40936 1.96575  13.00196
frame_32.res    22.42922 2.13709  22.42922
frame_330.res    19.04548 2.02996  19.04548
frame_331.res    18.62109 2.04220  18.26692
frame_332.res    18.13438 1.88456  17.98160
frame_333.res    17.94265 1.98397  16.57173
frame_334.res    18.55417 1.99755  18.50477
frame_335.res    18.71186 2.04375  18.17911
frame_336.res    18.38070 1.92319  18.20755
frame_337.res    19.55061 1.95087  19.55061
frame_338.res    18.94842 1.84703  17.95756
frame_339.res    19.33444 1.87271  16.39762
frame_33.res    22.75565 2.03309  21.06194
frame_340.res    18.76899 1.98452  17.73911
frame_341.res    17.58281 1.95086  17.58073
frame_342.res    17.90651 1.98957  17.65340
frame_343.res    15.88666 2.07537  15.44803
frame_344.res    18.07919 1.97418  17.27702
frame_345.res    17.91488 2.02476  17.88428
frame_346.res    18.35530 1.86751  18.35530
frame_347.res    16.85070 2.03436  16.56624
frame_348.res    16.97508 2.04647  16.77953
frame_349.res    16.07804 1.99310  15.55674
frame_34.res    22.36048 2.14145  22.05292
frame_350.res    16.13691 1.84462  14.07091
frame_351.res    17.34156 1.94813  17.29885
frame_352.res    18.05488 2.03411  17.54247
frame_353.res    18.35641 2.14225  18.35641
frame_354.res    18.17139 2.08984  17.86698
frame_355.res    18.24173 2.09550  16.98393
frame_356.res    18.34144 2.03062  14.03913
frame_357.res    18.96558 1.91400  18.87008
frame_358.res    18.04879 1.99722  18.04879
frame_359.res    17.36193 1.94324  16.73887
frame_35.res    22.37650 2.26695  21.86701
frame_360.res    18.49847 1.98622  12.98805
frame_361.res    17.88364 2.14317  15.85077
frame_362.res    17.09597 2.01624  15.96957
frame_363.res    18.12104 2.01796  17.15322
frame_364.res    17.10637 2.14010  13.86067
frame_365.res    17.76241 2.08995  17.76241
frame_366.res    18.59948 2.20341  16.81137
frame_367.res    17.41210 2.04948  17.20644
frame_368.res    18.66116 1.91728  13.79962
frame_369.res    16.76141 2.05820  16.38400
frame_36.res    21.77034 2.27502  21.55093
frame_370.res    16.74402 1.95756  9.16417
frame_371.res    17.49321 1.89821  16.56077
frame_372.res    17.23150 1.83585  17.23150
frame_373.res    17.25876 2.03146  17.25876
frame_374.res    18.36234 2.14670  18.34858
frame_375.res    17.89576 2.11518  17.32577
frame_376.res    18.28613 2.15777  17.89700
frame_377.res    18.19504 2.12369  17.85762
frame_378.res    17.89713 2.00045  17.57312
frame_379.res    18.01296 2.41717  18.00931
frame_37.res    21.48182 2.28042  21.39606
frame_380.res    18.43333 2.13658  18.31700
frame_381.res    17.84015 2.24727  16.88061
frame_382.res    18.56930 2.04648  18.03975
frame_383.res    17.49373 2.10708  16.87554
frame_384.res    17.00054 1.98708  16.58468
frame_385.res    17.67577 2.02446  16.69071
frame_386.res    17.76551 1.92952  17.66390
frame_387.res    16.38429 2.03654  15.84794
frame_388.res    15.89047 1.95939  14.45075
frame_389.res    17.08366 2.04310  16.21361
frame_38.res    22.10537 2.09218  18.35760
frame_390.res    17.87136 2.14691  16.87952
frame_391.res    16.97605 1.98904  16.67126
frame_392.res    16.98395 2.05597  16.81790
frame_393.res    17.25121 2.02287  15.87028
frame_394.res    15.23557 2.30811  15.20843
frame_395.res    16.43517 1.94041  15.46957
frame_396.res    17.53831 1.90508  17.53587
frame_397.res    16.10530 1.98751  15.89390
frame_398.res    16.78587 1.86511  16.52426
frame_399.res    17.30479 1.93775  16.31727
frame_39.res    22.21206 2.04880  22.21206
 frame_3.res    24.66469 2.61693  20.79828
frame_400.res    17.06601 1.92123  17.06601
frame_401.res    17.06846 1.91859  17.06846
frame_402.res    16.73599 2.27813  16.13028
frame_403.res    16.77268 2.09229  8.73023
frame_404.res    16.33038 2.22233  13.73160
frame_405.res    17.01338 2.02639  15.75478
frame_406.res    16.20824 1.97254  15.38077
frame_407.res    16.55972 2.03426  16.55972
frame_408.res    15.14206 2.26149  13.76720
frame_409.res    17.31898 1.91785  16.91232
frame_40.res    22.20497 2.03135  17.86401
frame_410.res    16.90722 2.27529  16.85142
frame_411.res    16.68323 2.03238  16.68323
frame_412.res    17.55059 2.16434  17.04556
frame_413.res    16.60521 2.05533  16.46075
frame_414.res    16.92384 1.94719  16.13397
frame_415.res    16.84568 2.22880  13.25395
frame_416.res    16.71141 2.19871  14.75651
frame_417.res    16.33726 2.37408  15.80327
frame_418.res    16.84773 2.14400  16.45874
frame_419.res    17.38382 1.98012  14.73748
frame_41.res    21.45585 2.10563  21.45585
frame_420.res    16.54133 1.94739  16.20332
frame_421.res    16.30200 1.97574  16.30200
frame_422.res    17.22263 2.17461  16.59898
frame_423.res    17.29996 1.97198  17.28102
frame_424.res    16.64414 2.22119  16.01228
frame_425.res    16.65910 2.02191  14.80303
frame_426.res    17.14170 2.08445  14.16254
frame_427.res    16.09862 2.07356  14.76378
frame_428.res    17.41361 2.15840  17.03959
frame_429.res    17.20941 1.99747  16.13774
frame_42.res    23.21818 2.15429  21.70690
frame_430.res    16.94334 2.39711  16.08020
frame_431.res    15.81355 2.53569  15.42567
frame_432.res    15.85702 2.09783  12.72009
frame_433.res    15.88063 2.07593  15.87144
frame_434.res    16.42032 1.95348  16.42032
frame_435.res    17.66374 2.16386  16.21565
frame_436.res    15.86406 2.07035  13.78532
frame_437.res    15.98195 1.93076  15.38901
frame_438.res    16.10200 1.87552  14.95936
frame_439.res    16.14755 1.80699  16.11697
frame_43.res    22.39788 2.16779  19.46309
frame_440.res    15.71520 1.92253  14.32552
frame_441.res    16.94696 1.97073  16.58748
frame_442.res    16.93869 1.80609  15.93365
frame_443.res    16.75003 2.17295  16.75003
frame_444.res    16.11076 1.95652  15.52564
frame_445.res    16.38682 1.97107  16.38682
frame_446.res    17.18900 1.84534  17.18049
frame_447.res    16.99078 1.94800  16.93760
frame_448.res    16.58457 1.95405  15.96575
frame_449.res    17.16752 1.99139  17.08853
frame_44.res    22.01038 2.13356  16.77101
frame_450.res    17.46070 1.97255  15.84159
frame_451.res    18.02280 1.83476  15.54835
frame_452.res    17.13929 1.82904  15.76957
frame_453.res    17.69444 1.89350  15.91104
frame_454.res    17.76801 2.18950  17.47730
frame_455.res    17.53584 2.01241  4.48247
frame_456.res    16.52133 1.90044  13.37516
frame_457.res    17.96730 1.88943  17.81428
frame_458.res    18.77322 2.05925  18.67537
frame_459.res    17.90983 2.02907  17.90983
frame_45.res    21.40173 2.02223  21.40173
frame_460.res    17.14819 2.02703  14.75196
frame_461.res    16.30635 1.86314  16.25907
frame_462.res    18.69950 1.85861  18.11365
frame_463.res    18.43918 1.84644  17.66961
frame_464.res    18.96124 2.10569  18.96124
frame_465.res    18.43654 1.90836  18.18577
frame_466.res    17.93335 1.98909  17.50488
frame_467.res    18.79397 1.97222  18.79397
frame_468.res    18.88189 1.82641  17.52814
frame_469.res    18.21844 1.83091  17.84574
frame_46.res    21.82943 2.17791  21.82943
frame_470.res    18.09213 1.96080  17.90981
frame_471.res    18.50071 2.05808  15.39969
frame_472.res    18.16658 1.86768  17.55588
frame_473.res    18.89662 1.87687  18.14459
frame_474.res    18.73267 2.02283  16.27323
frame_475.res    18.70547 1.94533  18.56393
frame_476.res    18.14702 1.85221  10.22365
frame_477.res    18.57951 1.99168  16.46261
frame_478.res    18.69750 1.92560  18.69237
frame_479.res    18.11383 1.95808  17.34578
frame_47.res    22.07454 2.45103  22.07454
frame_480.res    18.43215 2.08046  17.55472
frame_481.res    17.87650 1.99220  17.82260
frame_482.res    17.77569 1.87400  17.62387
frame_483.res    18.61239 1.95861  17.56207
frame_484.res    17.02052 2.01117  15.41331
frame_485.res    17.60208 2.14151  16.63150
frame_486.res    16.67206 2.13919  16.67206
frame_487.res    17.67282 2.13319  16.79896
frame_488.res    17.75697 2.26937  11.93827
frame_489.res    17.55342 1.97373  15.64171
frame_48.res    22.10836 2.29846  22.10836
frame_490.res    17.24712 1.93749  17.00605
frame_491.res    18.00219 1.95152  17.18600
frame_492.res    17.91677 2.32343  11.36921
frame_493.res    18.36783 2.04148  17.88791
frame_494.res    17.43253 1.90928  12.45146
frame_495.res    17.94879 2.07773  17.90261
frame_496.res    17.69669 2.12472  17.15234
frame_497.res    17.90299 1.92644  17.89914
frame_498.res    16.43992 1.81738  14.57491
frame_499.res    17.42657 2.38440  17.42657
frame_49.res    22.01242 2.08564  21.76544
 frame_4.res    23.44387 2.86718  23.04325
frame_500.res    17.36795 1.88211  16.31448
frame_501.res    17.75772 1.88654  17.75772
frame_502.res    17.79196 1.92825  17.38763
frame_503.res    17.88422 1.86521  17.45809
frame_504.res    17.86930 1.88350  17.52346
frame_505.res    18.41699 1.96067  15.64498
frame_506.res    16.77608 1.99660  15.89863
frame_507.res    17.52085 1.95602  17.52085
frame_508.res    17.52345 2.09679  17.52345
frame_509.res    18.01981 1.95201  17.84487
frame_50.res    22.67968 2.65082  21.25776
frame_510.res    16.63858 1.83487  16.55822
frame_511.res    17.45717 2.11254  17.45717
frame_512.res    15.90913 2.09803  14.74294
frame_513.res    16.00188 2.10374  15.99560
frame_514.res    16.11528 1.99016  13.19499
frame_515.res    16.21885 2.16597  16.21885
frame_516.res    17.02879 2.15780  16.05169
frame_517.res    16.72063 1.94538  16.44269
frame_518.res    15.23261 2.01992  15.23261
frame_519.res    16.98004 1.93831  16.37248
frame_51.res    21.75486 2.69860  21.75486
frame_520.res    16.00176 1.92331  15.99615
frame_521.res    16.14196 1.99621  16.14196
frame_522.res    15.64515 1.77424  15.17554
frame_523.res    16.44962 1.93870  14.27580
frame_524.res    16.38030 2.03112  9.83892
frame_525.res    18.02651 2.02297  17.49245
frame_526.res    17.55277 2.11080  8.60304
frame_527.res    16.58732 2.52183  16.58732
frame_528.res    17.08590 2.16727  13.76502
frame_529.res    17.34191 1.99967  16.50637
frame_52.res    21.41464 2.16409  21.37645
frame_530.res    18.25153 2.06334  17.64759
frame_531.res    17.11455 1.96125  17.11455
frame_532.res    17.48378 2.21017  17.36070
frame_533.res    17.80093 2.32619  17.79221
frame_534.res    18.28352 1.88926  17.43280
frame_535.res    17.00547 2.48157  9.78631
frame_536.res    17.45739 2.13251  17.40760
frame_537.res    17.43545 2.27887  12.88164
frame_538.res    17.22068 1.94653  16.57974
frame_539.res    17.61289 2.00505  17.61289
frame_53.res    21.92603 2.21601  21.51897
frame_540.res    16.91724 1.91041  15.57300
frame_541.res    16.65744 2.00640  14.42917
frame_542.res    17.69347 2.14663  17.69347
frame_543.res    17.30882 2.15558  15.84531
frame_544.res    17.28156 1.97848  17.27886
frame_545.res    17.98391 1.88335  17.93294
frame_546.res    17.11478 1.90331  13.20443
frame_547.res    18.49631 2.01571  17.53908
frame_548.res    17.90119 1.94087  17.90119
frame_549.res    17.92028 2.02626  17.92028
frame_54.res    21.85818 2.06558  21.28852
frame_550.res    17.13032 1.98209  13.85294
frame_551.res    17.26593 1.95161  16.99069
frame_552.res    16.83153 2.02982  16.83153
frame_553.res    16.55725 2.04914  16.13883
frame_554.res    17.26165 1.92144  16.55152
frame_555.res    16.42439 2.15823  16.40777
frame_556.res    16.55872 1.93463  16.55872
frame_557.res    16.78842 1.99997  16.78842
frame_558.res    17.92709 1.83556  17.17042
frame_559.res    17.18954 1.86825  16.67658
frame_55.res    21.27826 2.10689  14.99252
frame_560.res    16.54689 1.96662  16.54689
frame_561.res    16.85543 1.93304  16.12798
frame_562.res    16.81225 2.02047  16.81225
frame_563.res    17.15399 1.91530  16.95250
frame_564.res    17.39131 1.96172  17.39131
frame_565.res    17.78613 2.05414  17.39832
frame_566.res    17.22328 1.87239  12.24849
frame_567.res    17.59480 1.90372  15.80510
frame_568.res    16.64331 1.94533  16.12094
frame_569.res    17.75951 2.01799  16.00945
frame_56.res    21.09178 2.06618  19.56827
frame_570.res    17.06069 2.35015  16.31733
frame_571.res    16.89498 1.81850  10.47119
frame_572.res    17.95149 2.07828  17.95149
frame_573.res    16.97586 2.05682  15.46250
frame_574.res    17.05467 2.01199  16.60705
frame_575.res    18.13020 1.95681  15.53378
frame_576.res    17.25672 2.15688  11.64299
frame_577.res    17.71666 2.07148  17.60982
frame_578.res    17.30834 1.96973  17.30834
frame_579.res    16.91926 2.10081  16.77785
frame_57.res    21.06277 2.12181  19.98654
frame_580.res    16.72240 1.96120  16.51942
frame_581.res    16.84034 1.88881  16.81826
frame_582.res    17.07452 2.09508  16.68034
frame_583.res    17.60267 1.92816  17.33770
frame_584.res    17.38006 2.06198  17.12038
frame_585.res    16.76784 1.99900  15.63390
frame_586.res    17.28725 2.11657  16.89391
frame_587.res    17.76238 2.09372  17.45752
frame_588.res    16.80060 2.15712  16.80060
frame_589.res    17.08820 1.88701  16.60527
frame_58.res    21.87962 2.27572  20.56893
frame_590.res    17.53876 1.89061  17.42329
frame_591.res    17.09278 1.85037  14.45202
frame_592.res    17.79429 2.05572  16.51421
frame_593.res    17.87421 1.91851  14.90206
frame_594.res    17.37154 2.12786  17.29764
frame_595.res    17.18936 1.91825  17.09015
frame_596.res    18.12215 2.25829  18.12215
frame_597.res    16.76692 1.96603  16.74115
frame_598.res    17.62324 1.95709  15.70276
frame_599.res    18.12955 2.24410  18.12955
frame_59.res    21.83901 2.17368  21.74652
 frame_5.res    24.12564 2.24618  21.71704
frame_600.res    17.18883 2.03522  16.63460
frame_601.res    18.00071 1.87734  17.34709
frame_602.res    17.24451 1.84518  16.65920
frame_603.res    17.10000 1.91887  17.00305
frame_604.res    16.91449 1.96341  16.91449
frame_605.res    17.55983 1.98605  17.55983
frame_606.res    17.92807 2.13253  17.87295
frame_607.res    17.30526 1.94332  17.23922
frame_608.res    17.06473 2.05183  16.94577
frame_609.res    16.96429 1.97371  16.76106
frame_60.res    21.56227 2.06019  21.55948
frame_610.res    17.55482 1.85610  17.14140
frame_611.res    17.78604 1.86503  17.76591
frame_612.res    17.47814 1.95504  12.75341
frame_613.res    16.87877 1.93552  16.87877
frame_614.res    17.21031 1.95528  17.21031
frame_615.res    17.23139 2.01678  16.68108
frame_616.res    17.74836 1.83967  17.24408
frame_617.res    17.52626 2.10689  13.64875
frame_618.res    17.16962 1.85245  17.15139
frame_619.res    17.61600 2.25171  13.96752
frame_61.res    21.32823 2.25770  19.99115
frame_620.res    17.29231 1.99160  17.05369
frame_621.res    17.31361 2.16824  16.71217
frame_622.res    16.66782 2.05927  13.22958
frame_623.res    16.74360 2.16284  15.95890
frame_624.res    17.37840 1.90151  14.69359
frame_625.res    17.26064 1.93315  16.86120
frame_626.res    17.82431 1.86830  16.01546
frame_627.res    17.80605 1.92580  17.41970
frame_628.res    17.61767 1.88267  17.40591
frame_629.res    18.12629 2.06662  12.96424
frame_62.res    21.31902 2.13677  15.48127
frame_630.res    16.93879 1.90228  16.93879
frame_631.res    17.37667 2.00858  17.13558
frame_632.res    18.01576 2.19115  18.01576
frame_633.res    17.33223 2.06850  17.33223
frame_634.res    17.94234 2.05330  17.25953
frame_635.res    17.97385 2.03795  5.12339
frame_636.res    16.83459 1.96439  14.26899
frame_637.res    16.68336 2.01154  16.68336
frame_638.res    17.10769 1.89117  16.96944
frame_639.res    16.71137 1.90538  16.49293
frame_63.res    21.33706 2.11684  21.32642
frame_640.res    16.67560 1.94096  16.67560
frame_641.res    17.66935 1.88439  16.82426
frame_642.res    17.44491 1.98124  17.44491
frame_643.res    17.66879 1.94369  16.65813
frame_644.res    16.01825 1.90278  14.91061
frame_645.res    16.57368 2.29873  16.57368
frame_646.res    17.10767 1.92252  15.75133
frame_647.res    17.57794 2.05449  17.30337
frame_648.res    17.52532 1.92378  17.33474
frame_649.res    17.03492 2.14678  16.51939
frame_64.res    21.13229 2.16181  20.12113
frame_650.res    17.19598 2.14815  16.75767
frame_651.res    16.91189 1.86469  15.99695
frame_652.res    16.81469 1.95945  14.09539
frame_653.res    16.76517 1.94008  14.77529
frame_654.res    16.88127 1.88939  16.47108
frame_655.res    17.13845 1.96200  15.54359
frame_656.res    18.13716 1.88821  18.00881
frame_657.res    17.39699 1.91355  14.79335
frame_658.res    17.09984 2.11308  16.84776
frame_659.res    16.86835 2.00160  15.57926
frame_65.res    22.30660 2.77189  15.71482
frame_660.res    17.49716 1.97663  15.42994
frame_661.res    17.56481 1.89035  15.27963
frame_662.res    17.53064 2.06940  17.28443
frame_663.res    17.22897 2.08166  16.89244
frame_664.res    17.89697 1.95567  16.63950
frame_665.res    16.77110 2.07009  16.67064
frame_666.res    17.79421 1.94842  12.49816
frame_667.res    18.00883 1.97790  17.68578
frame_668.res    17.87401 2.20712  16.95658
frame_669.res    17.94851 2.51991  17.36775
frame_66.res    21.85750 2.38118  21.22007
frame_670.res    17.92950 1.85889  17.92950
frame_671.res    17.98767 2.20563  17.98767
frame_672.res    17.85007 2.02624  17.79289
frame_673.res    18.23416 2.03851  14.82398
frame_674.res    18.28482 2.00295  17.67493
frame_675.res    18.78880 1.93232  18.67030
frame_676.res    18.23891 1.93865  18.10989
frame_677.res    17.24283 2.02786  17.23792
frame_678.res    17.78405 2.00409  10.91324
frame_679.res    18.03030 2.00852  15.63413
frame_67.res    21.19700 2.05457  18.91001
frame_680.res    18.09027 1.99088  16.92029
frame_681.res    17.17118 2.01063  14.46838
frame_682.res    16.92385 2.05316  16.92385
frame_683.res    16.95628 1.96073  16.89589
frame_684.res    17.43342 1.99564  16.96396
frame_685.res    16.82205 2.06721  16.34082
frame_686.res    17.68424 2.09929  16.35058
frame_687.res    17.98550 2.08867  13.66714
frame_688.res    18.14070 2.30234  16.75474
frame_689.res    17.85891 1.89234  17.77960
frame_68.res    21.99010 2.28752  21.66887
frame_690.res    17.34484 1.92159  14.53687
frame_691.res    17.44894 2.04404  17.43755
frame_692.res    17.38068 1.93878  14.69009
frame_693.res    17.13198 1.94373  17.13198
frame_694.res    16.39025 2.08569  16.35914
frame_695.res    16.28771 2.05466  15.85143
frame_696.res    17.17027 2.10730  17.17027
frame_697.res    16.63588 2.06649  15.27990
frame_698.res    17.59706 2.03209  17.47827
frame_699.res    17.91268 1.97022  17.83204
frame_69.res    21.46774 2.49580  21.46774
 frame_6.res    22.70674 2.42294  21.07527
frame_700.res    17.46243 1.93115  17.46085
frame_701.res    17.54738 1.98287  17.42729
frame_702.res    17.00698 2.01394  16.88845
frame_703.res    17.43135 1.96925  16.17105
frame_704.res    17.37268 2.08186  17.20924
frame_705.res    17.03921 2.07993  16.00075
frame_706.res    18.16279 1.90959  16.96683
frame_707.res    18.35297 1.98470  17.06060
frame_708.res    18.48698 1.95398  4.81303
frame_709.res    17.72191 2.14385  17.72191
frame_70.res    21.77630 2.25203  21.71078
frame_710.res    17.62368 2.12615  14.46660
frame_711.res    17.50176 2.04716  17.50176
frame_712.res    17.47357 1.91807  17.46779
frame_713.res    18.60971 2.14280  17.44956
frame_714.res    18.80514 2.04721  17.93407
frame_715.res    18.09932 2.01702  18.09932
frame_716.res    17.52412 1.94278  11.94595
frame_717.res    17.00622 2.02127  16.46187
frame_718.res    16.89266 2.23700  16.25749
frame_719.res    17.88903 2.01074  17.88903
frame_71.res    22.33400 2.01384  17.03823
frame_720.res    17.98082 2.17024  17.68776
frame_721.res    18.18104 2.07129  18.04365
frame_722.res    17.82878 2.11924  17.73921
frame_723.res    17.96965 1.95127  14.39028
frame_724.res    17.63410 2.02945  17.35966
frame_725.res    16.91850 2.07711  15.95527
frame_726.res    18.07045 2.15110  16.42484
frame_727.res    17.52599 2.07167  13.74542
frame_728.res    16.49515 1.96898  16.45269
frame_729.res    16.44607 2.16870  15.73447
frame_72.res    22.24471 2.05921  22.24117
frame_730.res    16.72776 1.98753  16.59766
frame_731.res    17.14108 2.36435  12.43572
frame_732.res    17.18045 2.07018  16.85849
frame_733.res    17.32798 2.22306  17.09432
frame_734.res    16.41533 1.99317  16.23568
frame_735.res    16.61380 1.98425  14.68982
frame_736.res    16.74394 2.27081  16.74394
frame_737.res    16.72269 2.13761  16.17390
frame_738.res    17.41021 1.99242  13.76495
frame_739.res    16.25906 2.24554  16.17893
frame_73.res    22.25936 2.17725  17.64297
frame_740.res    16.64953 1.92287  16.28325
frame_741.res    16.35148 2.38503  15.76541
frame_742.res    16.64053 2.19129  15.14913
frame_743.res    15.67268 1.91412  15.67268
frame_744.res    15.64283 1.97919  15.21618
frame_745.res    14.31559 2.51668  13.89700
frame_746.res    15.35035 2.01059  15.35035
frame_747.res    15.76979 2.03223  15.76979
frame_748.res    15.08118 2.13793  15.08118
frame_749.res    16.01613 2.25954  15.89859
frame_74.res    22.13240 2.16342  22.06575
frame_750.res    15.84555 2.06575  14.77918
frame_751.res    15.83057 2.20175  15.83057
frame_752.res    15.44303 2.10919  11.86916
frame_753.res    15.67812 2.12460  15.16108
frame_754.res    15.63676 2.03650  15.45166
frame_755.res    15.28871 1.99068  14.92130
frame_756.res    17.27466 1.93589  14.96816
frame_757.res    17.65808 1.99494  13.91411
frame_758.res    17.80983 2.13541  17.77491
frame_759.res    17.31605 2.30409  17.31605
frame_75.res    22.42869 1.98384  18.81808
frame_760.res    17.19440 1.91931  17.19440
frame_761.res    16.30786 1.86023  16.04540
frame_762.res    16.37681 2.04130  16.20021
frame_763.res    16.02983 1.96268  11.21510
frame_764.res    15.95517 1.91049  15.62862
frame_765.res    16.87138 2.01489  15.67083
frame_766.res    16.40779 2.02316  6.34881
frame_767.res    16.57349 2.31562  16.48476
frame_768.res    15.89485 1.94021  15.41754
frame_769.res    16.36485 2.05625  6.49848
frame_76.res    21.16665 2.18154  12.20405
frame_770.res    16.40328 2.18775  16.40295
frame_771.res    16.79399 2.09750  16.66220
frame_772.res    16.93450 1.96251  15.97833
frame_773.res    16.03678 1.96013  14.99586
frame_774.res    15.96722 2.13477  15.50997
frame_775.res    15.82588 1.95080  4.31241
frame_776.res    16.16110 1.97730  13.83535
frame_777.res    16.57942 1.92404  16.50245
frame_778.res    16.61550 1.94789  15.18640
frame_779.res    16.56051 1.90026  15.58266
frame_77.res    21.06046 1.83061  19.99467
frame_780.res    15.59233 1.92231  10.59057
frame_781.res    15.69592 1.89662  15.61612
frame_782.res    16.02327 1.94152  15.93084
frame_783.res    14.81620 2.01074  14.81620
frame_784.res    15.98611 2.20444  15.98611
frame_785.res    16.42815 2.02066  15.69150
frame_786.res    16.97009 2.12447  16.35473
frame_787.res    16.29741 1.92569  16.19090
frame_788.res    15.01067 1.98125  14.58998
frame_789.res    14.66314 1.90043  14.36441
frame_78.res    21.30597 2.15613  21.30597
frame_790.res    14.57200 1.94838  14.57200
frame_791.res    14.49345 1.85524  12.79933
frame_792.res    13.91762 1.94891  13.69118
frame_793.res    14.00122 1.90573  13.60373
frame_794.res    14.80910 1.99517  8.10276
frame_795.res    14.95160 2.04049  14.70957
frame_796.res    13.24037 2.12095  12.59690
frame_797.res    13.86028 2.05489  12.66751
frame_798.res    13.90517 2.03026  13.61858
frame_799.res    14.30075 1.90853  14.25808
frame_79.res    21.72601 2.12414  14.18965
 frame_7.res    23.41314 2.63914  23.25798
frame_800.res    14.68911 1.80075  14.68911
frame_801.res    14.48560 2.01512  14.27408
frame_802.res    15.09787 1.89752  12.88567
frame_803.res    15.02665 2.03580  14.87428
frame_804.res    15.03395 2.01882  14.73867
frame_805.res    14.58816 1.99864  14.32006
frame_806.res    15.06137 2.21479  15.06137
frame_807.res    14.13469 2.07013  13.63244
frame_808.res    14.53663 2.06480  11.62033
frame_809.res    15.33588 2.04104  13.17000
frame_80.res    21.66751 2.03265  21.21422
frame_810.res    15.20816 2.04644  15.20816
frame_811.res    15.71576 2.07386  15.20173
frame_812.res    14.82667 2.00823  14.36537
frame_813.res    14.50182 2.00377  14.50182
frame_814.res    14.17987 2.06157  14.17265
frame_815.res    15.49333 1.84035  11.87052
frame_816.res    15.55318 2.14743  15.32305
frame_817.res    16.32176 2.09401  15.09934
frame_818.res    15.24645 1.88456  15.24645
frame_819.res    14.90158 1.88145  14.72339
frame_81.res    22.69718 2.06810  17.51977
frame_820.res    15.41609 1.85765  15.20811
frame_821.res    14.20659 1.97342  13.04517
frame_822.res    14.55803 1.93644  12.75316
frame_823.res    15.23847 2.02199  14.63642
frame_824.res    15.68366 1.86846  13.52486
frame_825.res    14.52158 1.88327  12.85671
frame_826.res    14.53543 1.88062  12.94420
frame_827.res    14.91890 2.02643  13.64199
frame_828.res    14.13057 2.02096  14.13057
frame_829.res    14.83959 1.87571  14.43550
frame_82.res    21.73608 1.98621  21.73422
frame_830.res    14.51410 1.93533  14.23943
frame_831.res    14.63293 2.22442  13.93330
frame_832.res    15.48599 2.12350  15.14290
frame_833.res    14.55196 1.91669  14.49761
frame_834.res    14.28727 1.93703  13.92365
frame_835.res    14.91309 1.90877  14.13924
frame_836.res    13.71954 1.94579  13.41670
frame_837.res    14.73091 1.90513  13.57008
frame_838.res    15.29091 1.91112  11.68983
frame_839.res    14.86219 1.99474  14.76083
frame_83.res    21.32568 2.21670  10.66626
frame_840.res    14.44960 2.02043  11.89872
frame_841.res    13.99194 2.04382  13.97937
frame_842.res    15.06964 2.48254  13.29527
frame_843.res    15.06993 2.00025  14.57793
frame_844.res    15.00035 2.37403  14.30133
frame_845.res    15.24472 1.96491  15.24472
frame_846.res    14.90089 2.08358  14.90089
frame_847.res    15.21344 2.77433  14.36466
frame_848.res    15.18035 2.69100  13.77076
frame_849.res    15.17986 1.92576  15.17986
frame_84.res    21.16940 2.53644  20.51366
frame_850.res    14.62515 2.35395  14.56787
frame_851.res    14.29737 1.98800  12.44391
frame_852.res    14.41368 2.02823  12.46092
frame_853.res    14.58148 2.02636  14.22221
frame_854.res    14.40034 1.99146  14.40034
frame_855.res    15.22551 1.93467  6.40321
frame_856.res    16.14233 1.99735  15.40527
frame_857.res    16.01850 1.92781  15.86101
frame_858.res    15.62337 2.08241  15.53195
frame_859.res    16.15085 1.95122  16.06429
frame_85.res    21.54447 2.66264  21.54437
frame_860.res    14.94149 1.83314  14.92607
frame_861.res    16.08641 2.26302  15.27671
frame_862.res    15.91531 1.93084  15.10097
frame_863.res    15.62266 2.27286  14.80770
frame_864.res    16.39270 2.14923  16.39270
frame_865.res    15.39140 2.02855  15.28951
frame_866.res    14.96712 1.96952  14.50309
frame_867.res    14.64144 2.01785  13.17624
frame_868.res    15.25311 2.09647  15.21978
frame_869.res    15.33228 1.92437  13.31736
frame_86.res    21.55500 2.18907  20.47022
frame_870.res    15.75701 2.01698  15.05531
frame_871.res    16.02180 2.14088  15.81327
frame_872.res    16.72860 1.91684  16.72860
frame_873.res    16.18100 2.13800  16.02915
frame_874.res    16.11271 2.08634  15.93582
frame_875.res    16.75510 2.17107  16.67529
frame_876.res    16.83413 1.93832  13.13206
frame_877.res    16.16668 1.89756  16.08401
frame_878.res    16.81264 2.11839  13.71867
frame_879.res    15.51513 1.88940  15.32954
frame_87.res    21.47196 2.12709  21.47196
frame_880.res    16.12193 1.89427  11.08699
frame_881.res    15.91140 2.12016  15.91140
frame_882.res    15.65249 2.17574  15.39908
frame_883.res    14.87260 2.15246  13.51609
frame_884.res    15.63770 2.04664  11.96565
frame_885.res    15.49507 2.04649  13.23398
frame_886.res    15.78535 2.12845  14.68866
frame_887.res    16.49245 2.09824  6.61328
frame_888.res    16.59593 2.07598  16.56214
frame_889.res    16.58411 2.07284  15.56455
frame_88.res    20.89914 2.24379  18.75421
frame_890.res    16.22571 1.97066  16.15807
frame_891.res    16.67631 1.90369  15.90099
frame_892.res    16.46099 2.16494  16.46099
frame_893.res    16.11797 1.97377  16.11797
frame_894.res    15.32659 2.03558  9.65670
frame_895.res    15.10939 2.11235  14.92245
frame_896.res    15.16019 2.09120  14.98184
frame_897.res    15.54202 1.82899  15.54202
frame_898.res    15.81295 1.96990  15.01900
frame_899.res    15.84161 2.26053  14.74579
frame_89.res    21.26108 2.08262  20.88925
 frame_8.res    23.10302 2.49502  22.87277
frame_900.res    15.39762 2.01791  8.81247
frame_901.res    15.66586 2.01289  13.94377
frame_902.res    15.27026 1.92246  14.53582
frame_903.res    14.94106 2.08378  14.40642
frame_904.res    15.26389 1.98966  14.80978
frame_905.res    15.07611 1.90832  14.94696
frame_906.res    15.20642 1.94076  14.68361
frame_907.res    15.16419 2.05080  14.77440
frame_908.res    14.60042 1.98845  14.59434
frame_909.res    15.98788 2.05385  15.98788
frame_90.res    22.63661 2.09936  22.47764
frame_910.res    14.79186 1.92016  13.54137
frame_911.res    14.27099 2.14937  13.65119
frame_912.res    15.26907 1.99189  15.26907
frame_913.res    15.35796 2.30354  14.25439
frame_914.res    15.24701 1.94584  14.88178
frame_915.res    15.21738 1.90203  15.21738
frame_916.res    15.35916 2.00302  14.71852
frame_917.res    14.31880 2.02236  14.17565
frame_918.res    14.64122 1.98925  14.05581
frame_919.res    15.56902 2.08144  14.16504
frame_91.res    21.44416 2.09382  17.82300
frame_920.res    15.09498 2.03142  13.89691
